1.15424917496755
1.480017765995411
1.459968155783229
1.742391483522984
1.248082468110936
1.647654646888327
1.002347849146909
2.061517582892835
1.182385238181488
0.8116366027103149
1.131691573495347
1.636310059983939
2.019356542523133
0.8808430433320097
2.108705603854543
1.885848994485051
1.628458975474918
1.005944740431258
1.695219769690283
1.126161601266472
1.720332548369359
1.366395140450582
1.266426160860798
1.981695217583163
2.301812733354672
1.679886153423286
1.704399510116049
1.526023074274792
0.6240956744416177
2.189509216573238
0.9930357073666605
1.531022347040943
2.05587521823376
2.740946216041589
0.09307107954833958
1.744777653963252
1.376833095837789
1.950859130724451
1.11417207533066
1.665083082774943
1.34602457462222
1.649629084796809
2.197468944172003
1.165993698628782
2.312711687363375
2.370683379918233
1.074665082595554
1.684998242067712
1.906772321552515
0.5494048125352744
0.8901201266929131
2.199791846366628
1.124958487532156
0.8949588494823334
1.027935093907698
1.74240391638969
0.9008673658377203
2.084265698220207
1.506673171345598
1.465521965397393
1.800299065894949
1.792953012582488
1.657392535672969
2.406006150393485
1.780005553584096
1.725381106472176
1.233797478957823
2.030316005268415
2.021486465804357
1.465039341991471
1.794064442612188
1.44376154738557
1.359345225167795
1.830525213124762
0.7763712854770147
1.770795693422288
2.386218801682092
0.9575540801712515
2.01064513061892
1.984547720876996
1.840907612905182
1.036950417936736
1.510662249894259
2.153914348312138
1.187884267549221
1.55504947546848
1.280999458596207
2.558442829470583
2.724202587058496
1.038323706817733
1.990665534963663
1.271246832914125
0.4779035632937605
0.8852694454216532
1.528633216478852
1.103572335586335
1.468927382245266
2.263188140510276
1.352686490299864
0.9131729886443566