150
160
165
169
172
175
177
178
181
184
187
192
150
161
165
170
172
175
177
179
181
184
187
193
151
161
166
170
172
175
177
179
181
184
187
194
151
161
166
170
173
175
177
179
181
184
188
195
152
162
166
170
173
175
177
179
182
184
188
196
153
162
167
170
173
175
177
179
182
184
189
197
154
163
167
170
174
176
177
180
182
184
189
197
154
163
168
170
174
176
177
180
182
185
189
198
155
163
168
171
174
176
177
180
182
185
190
198
155
164
168
171
174
176
177
180
183
185
190
198
155
164
169
171
174
176
178
180
183
185
190
156
164
169
171
175
176
178
180
183
185
190
157
165
169
171
175
176
178
180
183
186
191
158
165
169
171
175
176
178
181
183
186
191
160
165
169
172
175
176
178
181
183
186
192
